25.6
26.6
24.49
23.89
23.12
20.87
19.98
20.95
19.84
23
23.72
25.08
25.27
36.01
33.95
18.65
18.6
16.16
13.22
15.44
15.59
16.08
16.36
15
14.64
15.47
16.89
16.72
18.43
94.13
52.26
24.22
23.66
23.98
23.59
22.57
21.92
22.81
21.86
19.72
18.6
18.83
19.24
21.67
22.72
23.5
24.68
24.12
23.17
23.81
25.35
25.85
28.51
28.08
37.63
58.75
61.48
36.64
61.24
62.19
50.42
48
52.42
43
42.52
61.56
48.96
46.89
44.59
44.93
44.48
43.28
42.77
43.19
42.05
46.74
53.33
55.83
47.67
42.64
40.78
40.63
37.75
33.54
32.42
31.32
32.15
30.23
26.67
21.69
19.82
17.05
15.87
14.04
13.37
12.22
11.96
11.29
9.92
11.4
13.72
12.41
13.63
15.5
17.86
15.1
13.78
13.21
10.83
9.54
8.68
8.82
10.07
9.9
11.45
12.36
13.56
14.83
17.21
20.65
17.62
17.38
17.23
21.81
26.72
34.49
31.05
32.3
26.53
27.29
65.07
98.51
84.38
62.61
103.26
59.84
45.92
40.39
39.58
28.46
24.98
24.62
21.92
83.01
65.09
25.97
16.7
17.28
19.39
21.55
26.89
27.59
29.3
25.37
28.16
26.11
39.99
25.16
27
30.36
30.77
28.44
28.23
29.41
27.95
33.1
33.1
31.4
31.75
31.44
43.76
51.66
45.74
47.73
49
57.08
55.8
42.76
48.32
54.67
48.68
54.74
55.27
52.65
49.62
51.93
50.38
53.75
55.05
55.93
57.58
58.73
59.74
59.95
61.68
55.01
46.14
47.97
49.56
49.08
46.68
45.42
49.16
55.75
65.48
72.61
72.33
69.53
69.16
77.51
77.03
71.29
66.95
64.15
61.79
62.44
60.3
56.03
53.99
54.92
53.19
54.35
53.68
52.1
58.13
55.86
55.42
55.77
54.53
53.99
58.13
60.12
55.97
57.08
57.66
59.36
62.46
67.75
71.89
79.04
90.52
98.82
103.33
103.47
107.35
109.08
106.06
101.69
98.73
95.54
86.74
85.15
81.01
75.94
73.62
72.74
70.73
73.51
69.37
66.96
65.38
65.98
64.63
66.43
63.05
61.76
61.46
62.71
63.59
62.11
58.85
58.05
58.42
58.94
59.68
57.46
57.06
54.54
55.32
58.15
65.77
64.48
62.4
59.07
60.29
62.22
58.49
50.58
47.18
46.33
46.83
48.11
47.8
50.49
53.5
51.3
46.86
48.18
43.97
43.36
44
48.06
49.31
54.29
55.62
56.03
50.58
48.44
47.38
53.15
56.21
55.05
48.57
51.63
50.71
49.74
51.99
54.6
55.17
53.85
60.33
66.85
64.95
70.82
68.15
56.91
42.92
42.76
50.18
55.47
58.32
61.77
64.43
62.96
65.65
64.88
68.74
68.57
68.68
70.43
73.57
75.55
78.05
81.29
81.69
81.91
82.17
84.12
84.94
86.72
88.16
90.86
91.16
93.51
90.78
90.84
92.3
92.07
92.15
92.42
90.19
89.19
87.51
86.65
86.38
87.09
85.51
84.07
80.88
80.79
78.48
78.28
77.07
75.47
73.52
73.86
74.03
73.34
73.54
74.24
75.91
75.28
77.4
75.63
76.07
76.14
76.12
76.62
75.3
73.81
73.92
74.68
74.56
75.93
78.5
79.35
79.51
80.39
81.61
83.17
86.47
87.04
88.2
89.51
92.43
93.79
95.88
98.7
98.64
97.21
99.41
101.82
103.35
101.78
101.8
102.08
102.01
102.26
97.77
90.61
79.5
79.63
64.96
59.37
56.1
60.47
61.04
57.15
56.96
58.51
56.74
62.94
58.83
56.35
55.33
55.62
56.68
55.2
56.63
77.82
58.26
54.32
54.29
53.79
51.85
51.39
51.92
51.07
58.54
51.32
40.42
39.64
41.95
55.28
63.25
69.16
74.44
70.67
69.43
75.02
89.1
91.67
91.55
97.14
96.52
90.44
91.89
89.37
90.36
91.42
90.44
89.77
88.32
88.46
75.09
63.87
58.71
57.04
57.87
59.59
59.09
56.91
71.07
79.18
94.28
78.44
73.01
77.46
70.53
65.59
65.69
68.18
64.42
69.97
82.91
88.58
76.26
78.8
76.84
77.06
75.09
71.4
71.74
73.42
74.71
76.6
76.89
78.29
80.27
82.42
82.54
77.59
78.01
78.09
80.56
82.2
83.16
84.98
83.6
83.42
84.85
84.86
84.17
83.39
84.15
79.84
75.68
76.81
78.47
79.15
88.27
97.39
98.48
93.92
94.92
94.12
93.58
89.14
87.38
88.53
91.11
90.32
89.12
86.02
85.81
86.04
85.81
86.84
94.57
101.82
98.13
95.2
93.88
93.58
94.01
89.39
92.4
95.19
107.14
107.92
113.64
111.85
108.97
110.45
107.03
100.12
105.04
112.32
141.71
120.55
70.52
142.23
80.7
62.86
56.66
47.63
48.38
60.16
74.95
83.21
80.63
82.91
92.53
99.18
94.5
90.5
94.25
117.39
115.17
172.82
103.17
101.88
98.75
92.31
83.95
73.56
62.63
59.79
74.34
68.53
72.45
69.69
72.29
81.93
72.29
70.86
66.31
60.43
61.63
63.6
47.44
40.33
42.66
49.12
41.5
48.35
32.68
25.53
29.64
30.74
35.36
30.74
32.81
38.36
37.57
23.15
17.04
17.73
29.57
25.23
22.57
16.22
16.93
16.11
14.15
19.35
18.16
15.91
17.85
18.04
18.39
18.73
21.89
19.21
22.56
20.64
25.03
22.91
23.2
24.1
23.12
23.05
21.18
20.11
20.36
17.45
20.6
21.47
20.27
22.13
23.84
27.14
27.16
29.28
29.9
29.7
29.1
27.59
28.9
29.77
31.28
31.81
37.26
49.77
56.53
54.01
48.98
48.82
51.38
51.3
45.89
43.69
42.58
42.73
41.5
42.06
41.47
42.14
42.49
43.3
43.85
44.05
46.92
50.3
50.05
49.94
43.78
42.11
45.51
49.87
54.52
58.97
64.84
67.5
72.05
76.11
74.92
71.07
110.89
108.47
122.73
156.44
135.45
115.87
108.03
94.95
79.7
77.66
81.7
76.09
72.78
72.44
72.56
66.92
64.74
61.42
55.95
54.72
51.47
58.54
62.94
91.87
72.03
73.39
76.44
73.03
66.79
73.33
72.56
71.1
71.24
67.9
69.13
68.94
64.6
60.25
57.62
54.31
54.09
51.02
46.13
44.82
43.98
45.11
46.31
46.7
46.04
44.95
44.32
42.43
46.36
46.03
43.14
43.77
45.5
43.53
43.98
44.34
50.36
77.31
90.08
72.93
68.46
68.1
66.75
69.43
75.36
81.16
87.23
80.74
72.78
71.1
76.11
72.47
71.81
73.44
73.19
73.62
72.73
76.17
80.9
79.76
76.33
77.91
83.08
81.37
89.31
100.71
104.5
105.97
108.7
107.89
109.8
112.28
142.1
128.37
127.27
139.4
147.82
141.19
134.07
130.47
122.24
120.23
115.56
108.87
120.04
115.48
113.57
110.48
103.92
107.38
104.71
104.59
104.57
101.26
102.15
107.78
112.96
119.56
128.36
120.64
114.07
115.33
112.49
113.61
112.09
114.83
113.62
113.13
114.02
115.55
118.1
121.8
119.93
128.74
139.72
142.36
147.65
151.32
147.44
135.31
164.39
182.21
157.87
144.69
122.39
119.34
114.32
112.23
109.82
113.61
118.88
116.65
120.94
126.82
133.6
119.25
135.43
134.45
153.35
106.21
107.55
101.27
94.9
99.53
84.47
88.6
90.94
73.81
52.95
29.66
31.44
23.31
26.19
23.32
27.87
47.42
64.42
63.42
64.89
61.36
53.32
50.12
49.38
60.26
68.32
71.33
73.22
79.11
81.87
82.42
75.75
68.7
65.25
66.09
71.21
73.44
74.56
82.12
87.97
83.77
79.46
82.37
82.9
110.15
109.06
128.61
141.17
137.52
116.02
105.96
91.62
92.4
87.75
85.04
96.27
82.64
75
62.69
49.15
42.82
39.62
38.03
35.28
35.41
36.71
34.86
36.03
38.55
36.77
36.28
36.06
37.02
35.81
41.04
35.37
34.67
34.48
32.15
31.1
30.75
30.61
31.99
30.64
29.67
29.98
33.54
38.82
37.91
35.16
34.25
33.52
32.82
33.92
37.7
38.71
39.03
37.54
37.47
37.03
36.33
35.13
36.81
37.14
39.95
49.71
46.17
42.77
41.85
43.24
44.8
47.62
50.6
54.25
58.34
65.64
73.94
79.7
78.9
74.22
70.88
66.48
69.02
75.97
73.41
74.31
74.08
135.28
165.04
200.1
115.09
101.87
94.41
100.35
107.22
102.72
94.34
93.95
94
92.1
86.3
96.58
98.31
97.85
90.37
87.37
84.67
79.03
74.84
73.47
66.46
59.82
63.24
66.25
62.59
57.34
53.88
52.82
54.97
50.73
48.01
48.98
50.91
49.87
50.44
49.22
50.97
51.13
52.58
51.49
53.16
53.52
52.37
51.57
54.48
52.09
53.52
66.97
60.38
55.94
55.75
56.08
57.18
61.39
63.31
61.19
66.16
97.13
95.78
102.17
94.13
83.27
79.15
78.23
78.27
79.35
79.3
79.39
85.97
90.87
89.71
103.37
125.39
123.74
114.55
127.83
138.51
157.16
184.53
165.51
125.76
111.99
101.21
95.26
92.91
90.74
108.16
90.71
88.55
90.32
93.95
97.12
99.42
100.01
103.22
107.88
112.84
127.29
136.84
135.3
133.77
131.57
130.61
133.31
133.09
135.51
137.63
139.06
139.84
144.51
145.1
150.93
155.28
157.37
158.1
154.39
155.14
164.79
169.22
169.66
164.5
162
163.25
167.28
170.13
168.62
166.7
167.66
169.19
168.72
171.84
176.42
180.29
174.01
173.89
172.03
169.55
171.61
169.9
171.63
167.03
145.98
140.32
133.74
129.82
132.02
171.6
155.46
161.36
131.72
104.32
107.1
102.27
92.88
89.28
87.32
81.81
83.87
83.82
86.35
88.61
89.69
80.9
80.5
78.61
83.64
78.98
77.08
77.82
81.92
80.29
78.53
76.96
76.44
81.44
83.58
83.97
78.34
76.55
78.34
77.35
81.58
86.27
84.43
85.47
87.35
89.24
88.26
92.68
105.29
108.66
98.13
98.09
96.81
98.41
95.76
94.33
91.9
85.82
83.68
80.86
81.16
104.61
114.98
111.63
94.93
86.35
83.79
82.16
78.72
79.36
86.7
86.19
84.83
81.37
82.93
84.86
92.71
89.01
82.68
82.43
88.48
82.16
82.05
83.78
84.33
84.74
82.1
84.91
88.25
88.82
84.47
83.54
83.93
85.74
87.42
89.55
94.03
98.67
100.51
97.26
99.5
108.77
117.7
118.83
115.29
117.81
117.18
117.79
121.57
126.91
130.73
135.52
140.29
142.76
144.37
143.73
143.2
142.5
137.71
132.78
128.55
127.55
129.4
132.26
133.42
146.78
159.95
163.95
155.86
139.91
135.89
131.89
131.96
131.95
127.24
125.48
122.49
119.99
119.7
120.87
120.64
120.48
110.69
113.87
110.33
116.81
140.35
151.83
153.32
165.73
158.34
140.91
114.03
97.35
85.07
90.49
89.15
84.84
81.21
84.61
88.58
84.42
82.01
75.3
73.83
74.4
72.34
74.55
74.78
76.61
78.7
75.48
72.4
76.71
76.14
75.22
72.44
68.15
66.82
63.14
64.93
64.72
61.62
59.5
59.47
57.42
57.78
60.81
62.68
61.44
60.58
64.2
62.83
66.55
70.45
67.48
70.9
73.31
75.82
76.97
79.27
80.31
86.78
89.58
91.39
99.16
108
102.98
106.69
111.37
111.05
111.33
112.29
112.38
113.33
114.22
120.82
131.35
131.87
144.34
131.8
119.87
113.76
110.6
114.23
104.49
99.52
98.57
96.03
95.77
95.38
106.32
116.58
127
139.96
143.74
146.88
147.26
141.15
138.74
137.76
142.35
141.26
139.38
136.81
137.43
136.6
137.42
137.87
141.91
147.98
143.3
140.71
140.08
138.87
141.56
144.45
148.56
150.88
156.56
158.9
160.88
159.7
159.42
160.12
159.04
158.87
156.75
155.37
152.47
155.63
149.48
147.65
148.49
146.02
145.09
139.42
134.69
128.7
122.1
119.88
119.05
122.68
121.13
122.22
120.66
113.87
102.52
89.59
86.03
92.95
97.99
88.45
82.62
77.17
62.72
63.11
49.86
57.56
60.61
70.57
74.82
68.84
71.65
66.42
70.47
64.89
63.6
63.77
65.17
67.1
67.02
64.18
58.48
56.41
60.56
58.99
58.04
51.46
45.83
46.01
49.6
53.41
57.69
58.52
59.26
57.58
56.85
55.13
50.68
51.8
46.51
38.72
37.8
37.63
38.77
37.15
33.01
34.59
37.34
38.96
42.44
44.65
46.1
46.38
48.24
53.1
55.59
58.8
67.05
65.51
64.65
67.59
72.41
72.79
74.72
98.1
78.49
75.46
91.41
96.18
101.65
89.08
87.91
89.63
93.3
83.31
84.84
92.46
94.87
92.95
85.83
85.28
82.77
80.03
77.97
77.71
78.35
72.58
73.6
72.53
72.81
78.63
85.3
87.37
90.94
85.78
86.35
87.65
87.93
85.77
84.96
83.63
84.85
83.47
83.88
84.02
80.52
80.54
76.83
76.36
76.91
77.13
77.76
78.89
77.75
79.17
81.6
82.99
80.43
81.5
83.39
86.52
95.94
106.84
110.45
117.81
116.01
117.54
127.12
129.47
126.48
125.85
128.09
124.69
119.11
118.08
112.59
109.03
120.5
134.06
122.82
118.18
106.03
113.54
100.01
91.23
85.85
85.34
83.09
83.9
86.75
90.94
81.94
81.69
81.18
85
82.58
71.15
72.98
74.55
78.46
84.06
91.61
95.8
88.55
69.66
69.62
78.82
74.87
88.65
92.62
70.81
73.1
69.63
63.64
73.23
77.83
69.92
52.85
61.24
66.06
63.6
56.9
48.9
51.98
47.85
43.91
51.25
49.76
52.81
54.59
53.85
58.64
65.99
70.35
72.93
75.61
81.2
80.74
82.34
83.8
98.77
110.33
118.68
120.23
113.65
92.8
90.68
91.01
90.82
88.48
88.05
92.07
97.34
96.06
105.35
91.74
89.24
85.75
88.86
96.4
91.59
91.58
93.1
93.41
92.9
96.16
101.23
103.06
105.98
114.31
134.7
131.56
125.94
111.9
107.32
108.72
110.9
110.88
109.68
99.73
92.77
86.38
81.6
81.58
83.48
86.35
89.93
90.52
93.52
90.7
86.69
85.07
86.98
91.01
94.83
98.66
101.09
100.44
102.91
105.12
110.43
116.64
120.16
144.62
162.49
171.54
168.98
163.24
155.49
154.99
156.41
156.56
160.77
170.01
173.6
179.01
187.56
186.72
194.84
197.1
200.74
196.67
193.72
207.88
248.84
303.4
328.66
256.78
250.52
312.96
233.33
207.73
175.79
175.88
160.35
151.64
142.78
133.31
130.62
128.66
123.15
121.37
129.44
126.73
114.44
108.22
113.42
106.23
103.78
106.1
108.07
106.94
107.54
105.47
104.12
106.75
106.64
105.21
109.16
104.01
103.05
101.66
99.4
96.49
94.07
96.14
97.99
95.33
96.05
98.88
101.82
106.73
107.92
94.49
87.95
87.2
88.56
91.77
90.15
90.94
88.88
96.39
97.84
92.85
90.36
87.28
84.17
87.24
89.52
95.87
100.15
107.92
104.26
112.3
113.17
114.62
113.03
115.28
116.31
116.04
118.16
117.67
113.98
113.32
120.35
120.79
133.41
138.9
139.4
144.79
143.57
128.25
114.87
119.23
117.63
132.85
115.13
121.06
119.07
116.81
119.28
123.96
119.49
113.24
109.85
111.34
114.97
109.9
110.46
110.83
109.78
109.02
103.29
107.55
106.71
109.67
117.39
122.91
125.4
125.01
127.8
133.56
137.02
139.2
138.74
136.01
137.03
164.29
241.18
272.87
214.58
174.42
156.43
152.29
140.93
136.91
132.05
129.85
125.47
128.71
126.87
112.94
117.98
124.79
115.2
123.37
163.11
182.77
178.97
165.87
161.7
153.84
153.61
146.53
139.92
135.64
136.08
131.34
124.72
121.21
111.89
122.77
133.17
114.9
110.68
106.8
105.26
107.44
103.52
97.5
94.36
99.85
94.73
111.42
96.79
90.71
88.16
91.43
93.23
91.36
88.4
88.1
86.3
85.14
86.83
83.22
87.03
81.09
83.22
79.91
80.26
85.43
81.7
82.3
81.84
87.03
88.08
87.63
87.86
84.12
83.74
82.82
82.98
84.23
84.14
87.15
90.34
98.93
100.21
111.54
99.44
97.54
96.88
97.22
98.54
102.26
109.12
121.19
132.84
140.72
120.73
108.75
102.05
109.58
144.55
144.04
142.71
138.26
125.19
126.85
118.48
117.76
133.65
127.8
124.94
114.67
106.53
103.16
99.02
102.36
110.17
113.28
112.82
109.3
94.84
89.52
89.2
92.5
94.18
95.42
90.68
91.87
91.39
93.59
100.63
103.63
101.96
105.81
105.44
107.82
109.14
111.89
114.63
112.32
116.68
117.79
118.09
120.03
120.26
118.87
118.01
119.47
120.6
122.35
120.8
123.44
133.28
143.51
151.87
157.37
163.77
201.85
221.05
228.89
184.44
161.21
145.25
131.14
142.51
193.64
263.92
209.14
166.71
144.78
128.3
116.64
117.41
102.58
107.36
128.7
113.62
112.67
109.64
112.81
111.19
111.45
109.23
107.02
104.17
103.96
104.22
102.28
101.25
101.48
100.09
104.68
107.8
198.13
460.63
237.7
139.71
111.88
103.47
109.18
107.37
109.66
109.2
103.3
95.95
96.33
99.71
99.85
100.58
102.39
101.97
101.08
95.92
91.11
86.99
85.12
85.01
87.38
87.76
90.25
89.83
93.6
95.15
95.73
94
94.42
98.51
106.01
109.96
110.4
125.96
147.51
178.13
191.54
168.81
155.78
144.74
138.4
129.68
133.1
131.67
132.07
124.34
122.02
124.79
124.64
119.87
119.04
114.84
114.83
114.59
111.41
106.19
107.05
106.4
105.01
105.41
103.23
112.67
107.46
105.76
116.36
129.79
136.71
131.4
128.1
127.09
140.04
121.53
116.4
117.77
122.36
125.14
123.61
123.73
124.41
122.99
120.19
118.6
126.11
139.75
155.57
161.44
163.66
165.22
163.25
162.85
163.35
163.86
164.68
168.74
170.69
171.66
177.23
181.54
184.47
187.05
184.2
182.62
181.53
177.04
174.92
174.36
170.92
176.45
224.05
274.18
271.23
200.9
264.72
216.11
179.12
160.07
150.89
144.31
139.21
134.17
116.42
109.76
106.85
103.53
103.39
98.66
96.47
99.63
95.07
93.17
90.55
91.15
93.17
90.48
115.78
113.65
97.88
90.15
134.73
144.79
91.33
70.89
78.51
79.62
78.58
75.88
80.16
95.74
93.4
90.66
89.34
85.27
76.56
72.64
65.69
66.69
70.62
71.84
69.85
60.8
62.15
64.9
64.52
66.32
64.67
66.95
68.61
68.65
69.36
70.06
70.02
72.4
75.6
76.04
82.94
90.58
107.2
100.94
95.73
88.14
82.26
84.18
85.22
82.49
86.36
93.96
94.31
93.24
103.42
90.72
90.83
91.43
94.24
95.89
92.65
91.09
90.12
87.79
85.11
83.29
84.6
88.39
91.01
96.06
97.02
95.98
97.57
97.11
90.96
86.65
85.72
88.81
93.46
95.24
95.93
98.25
99.28
101.3
101.89
102.09
102.77
104.33
104.41
104.41
104.97
100.87
98.47
98.83
96.02
93.35
92.3
91.41
92.06
97.11
103.15
105.66
105.3
103.84
99.99
97.22
94.4
96.97
98.41
95.35
91.14
92.76
97.89
102.03
110.36
114.64
117.22
115.48
109.01
103.35
121.2
156.86
163.1
189.48
162.59
146.13
122.1
113.17
107.2
123.81
142.35
133.17
113.2
99.38
102.9
66.51
69.73
53.45
56.93
53.09
52.52
58.55
61.36
71.51
68.73
63.61
59.68
53.62
52.06
51.76
52.95
54.4
51.31
49.57
49.52
48.32
48.46
46.04
44.06
45.39
45.77
48.06
48.35
50.93
52.97
56
61.65
60.89
60.88
60.03
58.04
56.51
55.66
56.93
56.98
54.96
55.42
53.35
54.68
55.54
53.61
54.02
54.81
55.61
59.95
59.3
65.83
79.15
78.78
75.82
66.33
63.06
62.23
59.54
62.35
75.68
75.08
68.69
65.77
65.74
63.18
61.99
61.74
61
59.08
62.41
65.8
67.64
68.32
71.6
73.92
74.3
74.21
75.59
77.88
78.97
83.19
85.55
87.02
86.45
88.15
91.29
90.76
89.59
90.07
89.43
88.86
87.11
86.4
83.61
80.71
79.09
78.79
77.48
77.45
77.98
78.37
76.97
76.53
76.25
73.53
70.82
69.05
67.53
68.36
69.08
70.02
69.45
72.35
72.44
72.3
71.52
70.55
72.07
73.36
74.39
72.03
71.73
70.73
70.45
71.16
71.06
73.72
75.18
73.02
70.27
75.39
96.89
114.95
122.83
116.64
107.03
108.68
73.49
66.78


68.52
61.62
53.69
52.9
52.57
53.11
53.26
52.82
50.73
50.02
47.65
45.47
47.23
53.18
47.68
43.79
43.99
45.62
45.85
43.76
45.55
42.45
38.55
38.52
37.97
37.57
40.84
40.45
43.08
41.09
42.84
42.28
43.36
42.91
42
41.64
43.09
43.8
46.26
48.55
45.55
48.98
48.51
47.96
48.42
48.7
49.68
51.62
54.34
60.76
62.08
58.99
59.15
61
66.05
66.36
71.72
77.4
76.71
72.3
72.77
75.2
79.74
79.88
78.71
76.22
77.58
82.72
84.04
78.14
76.7
80.98
82.22
79.06
79.96
77.21
77.52
77.54
78.58
78.28
76.46
79.52
80.83
79.02
79.43
80.38
79.41
79.7
80.35
81.4
85.42
90.99
97.39
100.14
104.47
113.93
112.62
115.02
105.63
100
96.07
92.95
91.45
92.09
91.71
91
89.38
90.13
89.59
88.38
86.04
83.44
76.95
75.2
75.63
80.37
79.29
80.23
79.92
76.45
76.67
79.4
81.58
78.71
82.51
80.97
82.42
84.2
82.77
79.69
78.33
110.15
131.19
157.43
154.05
126.29
88.77
79.07
71.2
69.97
68.49
64.64
66.53
69.15
70.31
82.37
93.34
89.86
101.12
96.87
92.49
90.77
96.04
105.28
107.8
105.41
112.9
103.21
93.88
93.34
89.61
89.26
88.84
87.48
91.21
90.8
81.46
78.65
77.5
71.76
72.43
76.86
79.6
82.53
78.05
75.22
74.55
86.3
85.57
85.69
80.3
75.47
67.02
65.14
60.16
60.73
66.57
64.48
69.53
74.47
74.03
76.05
75.87
80.63
88.51
91.38
93.78
97.73
99.76
99.24
97.38
102.73
111.47
100.67
104.63
127.26
164.28
159.16
157.42
137.21
113.57
114.01
112.29
111.08
113.6
116.46
117.62
150.29
156.69
139.7
124.1
115.85
116.6
123.18
124.97
124.47
109.59
113.51
115.94
115.89
120.43
127.77
125.41
123.81
126.83
128.25
136.27
144.84
152.41
165.45
173.74
176.93
181
183.45
182.35
181.46
178.53
185.95
187.72
176.52
170.94
170.72
182.48
187.74
224.74
215.3
224.49
223.72
191.77
171.47
167.34
179.98
176.32
162.54
155.52
165.99
167.56
161.84
157.3
159.57
157.29
136.72
117.61
114.67
129.88
126.03
120.31
126.87
131.87
145.23
147.54
168.18
136.16
123.8
106.92
100.22
104.23
100.64
94.4
96.93
100.13
101.51
101.26
97.64
102.97
110.82
116.98
115.67
121.11
110.95
101.99
99.43
100.68
93.04
93.79
89.89
86.8
85.98
75.44
73.63
74.29
69.86
70.21
69.18
66.38
64.05
66.08
66.05
67.53
67.33
63.93
67.75
71.82
74.42
76.08
71.09
73.93
75.79
74.81
77.21
80.73
83.91
84.03
84.3
86.55
87.67
96.32
100.01
101.34
101.94
105.19
102.89
108.87
120.06
112.06
104.89
103.77
107.8
109.83
106.01
109.51
108.25
107.78
103.82
105.17
102.46
104.05
105.89
104.96
106.54
111.19
112
107.17
108.18
107.15
107.85
107.6
106.84
104.01
103.53
103.35
103.43
99.39
100.96
100.97
95.37
96.02
98.2
99.15
104.2
107.43
113.34
112.77
117.58
117.67
116.09
107.06
109.5
117.38
141.18
116.68
98.51
94.24
94.43
100.32
107.03
111.17
116.82
124.38
125.87
114.03
102.76
97.89
98.72
99.49
101.29
106.59
112.15
111.54
108.84
111.06
111.01
109.45
110.14
109.53
103.51
102.91
101.64
112.73
115.55
112.77
96.72
95.59
89.68
86.29
85.37
92.54
114.52
124.33
122.51
180.85
146.05
147.55
133.65
128.37
121.27
118.58
115.75
113.27
112.95
118.88
113.98
109.83
117.04
107.02
100.39
96.06
95.85
101.99
97.81
101.8
100.81
100.16
98.11
97.04
88.23
92.37
90.59
85.45
84.6
80.85
82.13
76.99
73.13
72.02
67.65
66.11
67.14
64.34
67.07
66.5
64.82
65.64
64.92
67
66.58
68.35
69.4
71.42
73.78
73.75
75.41
77.28
81.47
99.27
111.73
105.17
106.62
102.38
105.01
102.83
106.42
110.26
112.46
115.29
110
110.11
116.71
118.32
104.09
94.41
90.79
91.44
91.26
93.35
93.18
93.68
92.96
99.39
116.44
123.69
117.2
112.72
97.64
94.11
98.59
104.14
108.65
112.71
117.04
113.7
112.74
109.32
113.88
118.37
113.17
108.75
111.1
116.52
123.03
124.23
125.31
122.49
123.94
124.06
127.31
132.43
137.8
143.63
147.05
155.22
164.55
166.58
168.29
168.73
162.74
161.43
141.66
124.45
115.22
114.87
109.84
104.1
105.34
104.11
99.26
93.81
86.51
83.96
83.32
81.39
76.52
71.89
65.89
60.13
59.6
56.56
61.25
64.01
67.96
62.39
56.89
50.79
55.49
49.3
45.19
43.39
43.56
50.01
50.6
52.32
52.18
51.94
50.46
51.49
51.12
50.26
50.01
50.92
49.54
51.48
54.77
56.77
54.26
48.98
46.07
37
31.18
33.23
35.68
43.36
46.8
51.5
53.58
53.43
50.18
51.01
49.92
48.67
47.36
43.26
32.22
33.64
32.17
34.76
36.3
36.91
37.48
37.73
34.83
32.25
32.02
31.39
32.94
32.09
30.9
28.56
29.63
30.93
31.63
35.86
34.65
35.32
35.78
49.51
66.55
71.25
69.28
68.39
66.62
62.3
61.87
62.08
61.31
62.07
61.56
64.36
65.91
65.52
64.8
64.79
65.05
66.1
63
59.66
58.3
55.47
55.31
54.59
55.48
56.54
55.92
56.81
56.72
57.6
57.98
56.61
56.14
59.35
57.81
59.32
60.68
60.93
61.66
62.52
60.81
56.06
54.03
53.4
51.82
51.05
52.18
52.72
52.02
52.89
53.07
53.63
53.88
51.45
47.72
43.93
41.65
41.68
42.25
43.36
42.65
46.12
45.68
42.64
41.93
43.85
44.8
46.4
49.28
49.64
47.94
41.48
40.48
39.96
43.06
40.14
38.17
42.04
44.44
43.49
44.61
41.93
49.3
49.26
55.31
58.78
52.98
50.74
48.3
46.54
43.82
43.65
45.88
45.65
44.65
42.79
43.94
38.39
34.95
35.67
38.23
40.49
38.36
36.16
37.52
50.24
50.46
50.19
51.58
53.24
48.84
53.43
52.62
59.52
62.08
68.48
69.35
68.99
69.96
67.5
63.44
57.87
50.2
48.5
39.75
36.54
41.01
40.75
44.35
38.87
37.89
38.94
41.99
42.73
43.86
46.56
46.59
47.27
46.07
49.05
51.38
50.47
49.42
49.31
45.21
48.3
49.73
51.26
51.72
51.5
62.2
57.64
56.01
59.37
60.56
60.3
64.66
72.29
74
74.9
72.54
70.45
65.57
59.83
54.69
48.23
48.23
51.36
55.97
51.06
48.35
46.05
43.94
38.85
30.83
26.85
25.34
27.2
28.04
29.59
29.85
28.94
27.65
26.92
23.5
20.68
21.24
21.57
20.51
19.61
20.48
20.21
20.6
23.48
24.12
24.27
22.68
23.94
23.73
23.02
21.8
22.33
23.56
23.34
26.05
26.14
25.46
26.01
25.25
28.25
29.05
29.28
35.08
39.72
40.54
46.44
48.67
51.28
54.67
54.57
57.81
59.5
60.13
62.21
62.27
63.6
61.89
62.48
58.6
55.14
56.3
48.52
42.99
43.56
50.45
62.06
71.21
102.48
101.67
87.26
67.83
67.69
73.2
78.87
87.59
88.46
95.21
92.73
94.61
95.65
93.33
95.94
96.47
94.15
93.85
94.84
94.95
92.89
93.73
91.13
92.7
91.62
93.97
90.87
90.16
100.57
97.42
95.95
97.6
96.41
101.8
101.51
95.86
91.95
88.47
98.16
106.18
110.15
132.15
130.22
124.17
125.08
122.8
131.27
127.03
127.73
124.59
120.66
122.36
129.94
131.32
142.64
131.67
130.57
135.77
134.05
142.95
139.31
136.46
136.62
141.38
133.76
131.27
131.47
130.83
126.23
117.7
108.94
102.54
93.51
88.04
82.39
80.81
83.05
86.26
86.98
83.37
70.84
62.88
58.94
56.41
56.36
55.64
56.09
56.06
59.06
60.69
63.35
65.71
67.95
69.33
69.23
69.73
70.5
72.23
71.92
72.65
73.43
74.61
78.61
81.14
87.1
92.5
96.33
98.19
99.54
100.54
102.37
102.45
104.1
102.1
102.91
102.35
101.95
100.62
97.86
94.06
92.03
92.32
93.83
108.67
131.99
140.34
153.03
183.43
156.86
143.26
199.08
106.12
101.31
93.29
94.23
90.18
90.38
90.29
92
95.5
99.19
96.67
90.61
89.27
89.32
85.4
85.6
90.65
83.53
87.58
88.36
74.95
77.15
68.68
70.95
66.41
64.58
68.74
82.04
88.73
91.64
89.22
89.79
82.45
78.89
78.69
77.85
76.68
76.11
77.26
74.56
72.01
64.74
63.49
63.16
65.85
62.11
60.01
61.19
61.42
62.09
63.34
67.59
70.18
79.49
91.31
102.44
99.82
94.29
96.17
97.2
102.13
127.42
137.43
139.75
141.4
146.26
157.23
168.81
162.31
154.48
135.2
136.28
134.1
132.61
137.26
132.05
131.16
135.17
135.44
136.09
134.58
136.63
143.13
147.18
151.04
151.55
150.05
147.68
150.27
148.2
146.77
148.02
147.14
146.67
147.24
148.52
148.36
149.41
153.32
153.19
150.91
149.94
149.47
148.49
148.33
150
149.95
148.72
146.33
143.02
141.4
140.31
137.42
135.34
135.62
138.47
135.8
146.76
149.17
147.01
151.27
149.86
150.66
151.88
153.02
205.28
215.53
190.67
170.69
146.37
135.55
127.31
122.71
126.21
137.93
139.4
126.57
103.37
86.48
75.39
70.16
63.48
59.64
72.42
73.68







39.22
36.25
33.51
33.97
34.37
35.85
35.97
33.63
32.67
35.63
33.26
31.84
32.99
32.87
32.13
31.31
30.01
28.18
27.87
29.23
30.63
31.41
34.76
31.01
30.43
33.86
34.54
33.89
31.91
35.65
38.53
40.33
40
36.15
32.34
33.27
33.13
35.54
42.24
42.82
42.38
35.37
32.2
32.77
33.48
33.09
35.91
38.23
44.22
43.85
39.4
40.51
42.29
51.34
60.74
61.85
70.18
86.41
79.8
71.7
66.02
58.47
53.82
54.11
54.77
56.24
59.71
69.09
65.04
61.7
60.17
55.97
53.98
51.78
51.87
49.91
48.87
49.29
50.7
51.81
50.45
51.51
52.88
55.15
55.85
53.89
53.65
53.02
48.68
43.56
40.41
37.99
34.83
33.2
31.77
30.63
30.88
30.39
30.22
30.2
30.69
29.3
30.43
30.41
30.58
30.52
33.02
33.92
34.9
37.8
39.56
41.25
41.06
39.42
37.82
36.65
36.4
37.33
37.06
38.28
42.43
47.41
54.02
53.34
57.32
60.46
58.65
54.85
51.51
49.41
47.97
64.64
72.14
93.05
118.41
85.25
82.21
61.19
46.49
43.61
45.31
40.99
42.73
43.44
42.14
34.87
38.53
47.44
74.11
70.99
48.64
64.33
59.7
88.16
47.29
54.62
41.73
39.87
43.87
41.07
41.42
42.98
45.17
47.68
46.94
44.82
40.81
57.51
37.12
32.22
29.64
26.51
26.79
26.59
24.8
23.42
24.01
23.57
22.84
25.81
26.17
28.42
28.95
29.27
30.9
31.56
33.28
37.33
42.64
47.85
48.35
54.52
55.53
69.07
75.51
77.08
64.43
63.38
60.74
63.89
69.63
70.01
73.06
73.47
79.09
82.22
90.39
174.55
149.31
99.27
105.55
104.26
113.07
112.08
118.73
114.17
114.5
121.39
122.85
124.2
128.81
124.38
119.7
114.49
112.59
108.88
110.26
110.5
110.26
109.49
105.81
104.47
102.58
103.06
100.18
99.46
98.46
97.12
96.68
101.02
105.46
106.29
106.09
104.81
100.13
99.63
98.64
95.59
97.47
99.78
108.46
111.71
113.74
115.45
114.26
114.01
117.08
118.05
120.58
120.15
115.8
115.2
117.05
118.85
119.9
121.96
124.12
123.14
124.59
123.39
117.02
119.93
115.89
113.42
112.89
137.86
154.83
257.08
175.34
227.46
159.95
142.79
114.64
126.22
101.56
85.63
80.68
103.2
91.8
88.82
97.95
92.4
148.24
140.42
148.89
208.35
215.97
217.01
225.3
233.98
199.34
153.01
149.17
152.74
154.4
158.12
164.6
168.29
161.46
156.75
158.62
161.91
169.08
175.51
175.18
174.63
168
166.89
170.34
173.24
174.45
182.81
198.19
205.84
200.89
199.19
197.63
188.63
181.42
176.83
170.92
170.73
159.05
158.08
159.24
162.58
171.2
179.77
197.94
213.28
220.47
229.19
230.97
226.51
223.39
215.74
210.35
207.01
206.56
200.03
197.15
197.94
198.54
196.64
194.34
195.06
193.26
193.43
193.97
190.25
199.79
201.55
191.3
194.98
194.96
192.28
179.24
170.01
166.48
165.6
191.53
216.84
188.01
155.79
151.49
152.96
139.59
136.84
137.56
138.33
143.39
158.6
143.49
177.87
144.43
139.48
134.94
130.84
146.65
122.37
115.53
105.79
113.34
71.69
81.03
80.02
73.24
69.77
64.81
67.3
63.07
59.72
60.16
54.62
48.55
44
82.13
58.12
52.79
47.03
44.32
46.05
45.6
47.98
49.59
53.06
72.07
57.92
62.1
61.44
62.24
65.18
59.56
59.57
62.65
55.69
53.27
59.18
67.89
73.78
81.23
85.57
90.23
97.11
102.12
107.22
111.44
102.43
98.39
102.23
104.48
104.43
101.18
100.93
99.23
102.94
105.31
102.86
111.94
147.71
163.14
169.81
191.9
182.85
170.27
151.89
142.13
131.3
133.81
157.87
155.72
145.45
132.14
131.73
128.5
133.64
138.55
125.88
117.35
117.6
121.76
125.54
124.96
130.58
145.19
155.15
159.79
162.29
161.68
154.31
151.71
151.92
147.39
145
142.23
139.88
136.63
134.14
136.59
137.23
139.57
140.72
141.58
140.83
138.9
139.05
139.67
140.5
137.05
139.02
137.75
142.05
147.51
151.75
150.81
155.5
160.55
170.59
174.77
181.96
202.25
224.12
252.12
306.83
291.74
198.79
175.45
154.18
128.51
122.35
129.2
140.17
158.2
167.44
169.93
128.03
114.81
97.05
82.01
72.95
77.58
75.46
78.5
74.87
62.5
64.38
60.99
57.71
54.66
55.1
55.21
59.38
57.52
61.42
63.7
61.58
63.59
64.14
74.16
68.13
85.97
70.37
82.01
68.65
83.45
68.28
82.94
72.81
77.8
75.81
78.94
99.87
121.9
130.37
88.44
80.89
79.27
82.03
81.95
82.07
94.14
77.57
81.52
84.46
86.07
92.83
90.97
92.52
97.76
102.83
100.79
104.63
118.08
127.39
125.68
118.62
116.12
117.78
115.53
119.04
119.66
120.77
120.6
124.9
129.6
135.83
135.77
140.69
143.37
155.75
158.94
158.2
156.77
153.43
149.31
146.98
146.72
144.3
146.02
147
147.75
150.3
149.18
152.89
151.76
152.13
150.67
150.23
151.88
154.64
161.74
165.23
167.83
170.13
171.97
176.6
168.78
159.51
153.37
145.69
142.97
142.39
142.06
140.19
141.73
141.26
139.79
134.81
135.3
136.76
138.12
140.41
139.83
140.61
140.76
142.02
143.95
145.66
151.91
156.31
156.98
157.19
160.83
163.51
165.13
172.07
181.11
191.32
206.6
249.85
247.22
266.1
255.48
247.3
210.3
173.83
166.84
128.06
146.06
128.27
97.22
80.9
68.96
75.59
75.18
62.12
66.09
56.81
55.11
48.29
48.05
61.79
53.76
56.35
57.09
54.67
50.14
53.94
46.5
52.95
51.2
53.96
56.63
48.45
49.28
52.74
54.19
50.4
48.15
48.73
48.09
50.14
43.62
48.68
41.05
45.44
44.99
47.58
52.99
59.15
53.84
56.58
56.93
55.54
55.4
55.55
58.67
63.01
68.06
73.85
81.95
87.91
89.79
91.48
94.4
97.5
99.66
101.63
104.27
104.95
107.21
115.05
114.15
116.9
120.15
125.43
128.25
128.91
129.93
131.29
135.18
138.32
142.6
144.05
142.32
145.57
145.45
145.81
143.94
143.99
144.35
142.28
140.26
139.59
137.38
137.97
138.4
144.45
146.96
149.46
148.46
138.49
131.67
125.51
120.8
118.49
119.22
118.12
118.17
118.67
117.96
116.59
114.1
113.76
111.94
125
126.27
122.68
122.38
121.14
121.17
119.39
119.08
120.22
120.02
117.53
117.87
120.7
126.65
128.91
131.92
134.29
134.11
132.99
132.72
134.61
138.85
137.3
135.83
127.02
127.82
134.5
140.6
142.17
144.14
146.15
147.38
145.6
140.87
134.98
139.08
153.17
157.25
161.32
121.21
148.48
143.22
113.61
130.27
138.54
136.04
101.66
139.72
84.1
113.33
84.06
76.34
77.44
74.29
76.17
73.85
68.16
65.96
58.47
133.21
81.88
53.63
48.8
49.29
53.48
66.41
52.35
54.23
56.05
71.46
59.94
61.42
57.97
58.71
62.76
59.56
63.59
69.17
69.7
73.68
76.8
78.48
79.99
83.41
87.38
91.71
95.28
101.11
107.43
111.88
115.85
113.58
108.64
110.27
107.7
106.28
104.74
104.98
107.57
112.44
155.21
257.07
180.44
149.12
142.52
145.12
147.37
147.56
152.35
161.54
166.8
166.51
167.77
175.21
177.05
177.63
177
175.67
171.81
166.7
166.64
164.3
160.41
160.07
159.61
162.5
175.58
178.75
177.11
180.07
191.86
196.22
191.26
182.64
177.22
173.73
173.99
170.26
170.38
168.3
164.78
166
166.68
166.04
166.68
165.76
167.99
168.88
170.43
168.01
171.05
174.04
185.34
198.69
206.91
207.83
201.04
197.83
198.6
196.21
196.84
192.85
186.85
184.43
180.87
177.05
179.32
175.49
173.29
169.51
173.95
172.06
174.61
169.66
164.07
159.83
151.64
142.49
139.86
139.43
134.13
135.75
131.99
131.69
123.7
121.7
124.23
114.33
110.57
114.35
109.76
102.06
102.91
101.16
111.16
107.98
101.97
102.24
104.25
103.51
106.14
104.28
100.02
68.89
63.21
59.51
60.06
55.72
62.33
57.02
53.54
54.86
58.17
57.93
63.61
63.71
68.45
74.81
84.04
98.34
95.47
96.18
100.52
105.49
148.8
142.94
114.64
119.1
123.55
128.38
134.71
141.13
142.54
143.39
140.87
136.26
124.99
119.36
115.91
114.28
111.82
117.5
129.44
125.81
123.76
163.65
221.06
207.02
165.26
136.46
130.41
129.26
126.67
129.85
129.99
143.74
171.75
190.25
192.61
162.21
155.81
166.59
148.9
143.99
150.06
152.14
153.76
156.76
156.1
154.37
159.2
153.54
157.58
162.81
154.78
164.39
165.3
163.22
162.54
166.63
171.03
173.4
172.88
180.09
185.24
189.28
190.71
192.9
201.82
206.39
209.05
207.62
198.06
189.01
183.47
179.64
178.82
177.65
178.54
178.56
176.81
172.33
171.51
168.02
165.32
164.41
167.12
170.57
175
172.49
166.72
171.82
167.37
165.49
164.68
164.61
165.11
165.68
156.36
153.02
154.57
152.06
152.94
154.45
157.49
155.47
154.43
159.39
154.07
158.19
160.49
167.34
176.66
165.66
158.05
151.15
141.07
143.68
128.14
125.56
114.48
109.83
109.58
113.96
85.57
76.05
74.98
62.01
58.09
56.23
66.13
70.96
81.59
75.15
80.88
86.19
86.52
89.22
82.15
80.65
80.93
86.75
72.98
73.86
71.6
75.11
71.7
78.76
73.33
74.25
91.75
81.14
82.33
86.99
95.05
99.47
104.06
106.62
111.8
128.22
126.66
117.87
114.72
113.96
109.76
108.42
109.48
109.3
107.77
114.13
112.42
117.02
124.05
126.14
130.7
143.28
143.11
137.67
135.17
127.31
131.49
122.5
118.8
123.16
123.07
125.24
123.54
124.08
122.78
132.8
148.83
162.89
179.1
197.56
212.15
192.59
176.84
166.76
167.74
162.26
157.64
165.88
172.64
185.62
190.49
191.81
192.05
183.95
173.73
161.07
155.6
152.98
151.04
149.78
151.53
150.55
150.37
151.24
153.37
155.45
154.66
153.77
153.53
154.24
151.64
154.03
152.21
148.33
146.33
144.97
148.16
158.37
161.69
166.89
172.08
181.11
191.25
213.46
206.19
186.46
178.51
173.16
170.73
171.68
167.8
172.22
179.01
170.41
175.47
185.67
192.31
190.31
197.26
190.58
188.82
184.93
202.6
180.2
164.41
158.09
154.18
148.45
162.87
144.91
115.19
108.95
124.75
127.7
131.75
134.21
120.05
100.58
92.81
87.28
88.57
90.1
85.27
93.68
83
80.73
78.5
79.52
85.03
79.91
77.82
79.92
77.08
72.56
71.15
76.36
83.64
86.67
90.57
112.9
99.48
100.78
103.08
109.63
115.8
122.92
127.74
132.53
137.68
152.77
147.82
140.79
162.57
132.9
127.59
125.52
123.38
120.99
125.35
133.63
132.51
131.98
129.15
128.42
126.6
128.47
125.81
127.3
128.95
129.27
132.88
135.98
136.72
134.48
137.44
145.64
156.26
156.49
157.54
153.54
149.61
145.21
138.67
139.79
138.83
143.37
151.53
164.2
178.63
192.65
206.97
205.5
201.21
199.68
211.33
212.59
211.26
208.61
205.98
198.97
195.84
195.42
194.57
195.88
195.31
193.18
195.27
198.48
200.82
209.18
212.29
212.83
213.7
212.63
211.68
213.86
212.45
213.77
218.6
226.77
229.57
236.3
244.33
246.7
245.94
245.77
242.71
239.61
234.9
224.95
224.22
223.25
241.02
256.29
286.75
228.81
173.13
160.62
157.55
146.44
131.77
132.92
125.44
126.95
131.46
139.13
126.03
125.83
137.43
150.23
154.5
152.64
150.94
165.22
157.6
139.91
127.41
117.65
113.53
116.98
122.11
119.97
115.17
115.58
110.31
98.17
104.28
97.24
86.6
76.1
74.23
81.71
111.72
96.68
96.25
125.33
98.76
89.28
88.93
91.7
89.2
100.17
94.28
92.38
92.35
92.65
99.15
103.66
110.05
120.39
129.3
138.91
150.41
161.14
158.04
167.84
172.27
168.53
170.09
162.59
162.36
161.86
163.94
168.62
173.2
163.08
155.73
150.43
150.05
146.5
147.08
145.89
143.66
145.7
145.97
144.1
149.23
159.5
163.18
169.87
175.97
184.14
188.84
209.46
229.96
244.7
253.24
257.18
250.49
237.66
228.23
223.91
220.79
215.45
214.29
212.09
208.05
203.49
199.79
199.46
195.71
189.75
191.15
189.19
191.5
192.37
193.43
190.72
189.08
189.47
188.21
186.44
188.61
189.7
188.12
185.99
185.55
185.64
186.91
185.47
175.43
170.36
165.24
162.92
165.95
171.25
175.66
175.2
182.84
178.43
180.55
181.89
187.35
187.86
197.84
207.27
215.84
241.52
240.51
226.63
209.94
211.06
207.16
212.63
189.93
188.85
185.27
193.8
194.47
223.16
171.77
165.76
157.87
148.17
152.11
147.17
143.31
118.52
99.57
95.08
108.51
92.22
88.03
94.42
96.05
101.77
91.69
92.35
93.14
95.12
89.96
85.08
76.23
85.27
72.44
87.83
79.71
77.51
80.21
86.37
84.04
87.74
85.37
85.37
93.66
92.12
124.5
194.79
139.65
141.05
107.23
108.99
113.25
127.95
132.63
141.49
150.61
149.63
152.13
154.06
154.71
163.86
171.36
176.49
182.41
199.87
212.29
201.64
208.53
202.03
200.95
197.14
199.29
204.22
203.67
203.63
194.93
209.65
216.64
212.4
212.92
200.57
193.4
196.94
181.42
171.8
174.81
183.48
188.86
195.4
203.74
216.42
219.14
223.42
231.93
234.22
225.99
220.96
218.95
214.33
210.69
210.09
210.98
212.65
216.69
216.18
218.32
219.54
221.22
221.26
219.56
218.25
225.74
222.81
214.15
209.21
204.27
197.1
195.42
194.48
195.1
191.16
185.26
180.22
171.96
170.32
168.15
169.01
171.14
183.05
186.87
197.25
201.14
203.67
211.27
218.1
232.78
247.88
253.02
269.92
247.19
261.57
247.86
233.39
223.36
216.81
212.23
201.28
216.61
187.17
185.68
181.94
179.26
174.78
149.21
148.49
138.73
137.06
125.42
133.88
140.61
159.16
181.71
203.39
212.58
200.98
189.12
171.16
163.67
171.13
164.88
153.35
133.92
134.53
137.87
175.04
143.67
146.06
142.65
139.59
161.38
118.95
113.63
110.86
113.48
112.96
113.06
156.6
118.47
126.54
131.19
137.74
147.34
158.36
193.7
224.9
209.9
238.86
279.07
269.63
254.35
232.81
229.47
237.7
233.45
224.78
238.15
244.16
262.91
271.49
284.46
293.82
298.02
286.76
274.94
272.28
273.83
271.73
266.99
275.47
274.59
277.25
271.33
265.39
257.27
251.88
242.54
242.9
255.59
251.68
248.42
248.86
248.12
248.08
247.01
245.62
248.77
247.02
257.3
262.27
265.61
295.9
282.96
286.39
285.22
273.06
280.92
286.87
286.98
292.89
289.04
283.19
271.6
268.46
276.71
285.16
290.94
294.17
293.27
292.22
289.36
290.48
284.36
276.81
269.47
268.47
270.75
272.74
275.74
272.12
279.99
286.07
283.28
283.3
283.56
285.63
291.27
288.57
284.5
281.82
255.11
253.15
256.36
267.14
266.84
255.39
246.16
234.53
232.98
228.03
227.78
216.21
211.88
209.8
206.31
200.99
198.72
214.89
183.4
175.58
177.15
110.49
118.6
102.86
102.4
130.91
130.17
126.92
127.94
129.32
128.4
129.35
127.26
127.27
128.37
130.5
130.87
130.24
136.51
149.7
153.54
161.79
177.31
182.4
189.08
178.4
177.29
172.08
182.27
169.54
169.58
167.01
166.3
169.28
168.98
167.24
166.8
169.08
175.53
178.52
183.22
186.76
188.83
189.5
189.31
198.12
194.47
194.82
199.19
203.89
209.54
215.23
216.3
221.97
223.68
224.26














253.26
252.02
249.12
243.26
250.53
245.16
237.98
236.25
230.32
227.72
230.26
225.09
222.62
223.67
226.69
217.02
213.18
208.17
209.27
212.14
206.8
204.41
206.13
213.77
209.07
213.72
208.75
201.88
210.58
218.95
225.05
243.27
243.65
254.53
272.92
280.32
325.85
314.22
325.77
348.45
370.95
371.25
374.15
382.33
386.58
389.25
371.48
374.45
397.42
404.15
401.62
371.58
349.92
326.53
335.92
389.06
412.56
421.33
375.19
377.01
404.65
401.93
397.03
388.64
382.43
368.11
320.4
250.23
247.58
209.83
198.18
182.83
177.27
179.25
168.63
178.28
165.75
148.53
176.61
192.13
241.46
235.9
227.66
202.95
202.26
206.55
197.35
193.42
184.65
174.87
167.67
164.12
170.92
207.52
191.84
190.42
189.86
186.65
186.7
179.31
173.28
173.54
172.17
154.58
160.06
173.34
183.68
181.26
172.63
171.91
169.59
167.97
185.73
212.2
229.16
224.44
192.64
194.88
200.41
203.02
229.91
262.14
252.99
230.08
239.26
232.87
231.33
249.39
264.38
301.58
370.87
343.96
354.75
378.32
371.17
352.41
351.67
321
309.76
314.34
315.17
320.71
324.99
346.25
354.1
350.3
334
323.99
336.41
338.78
336.94
333.13
344.33
352.58
345.86
334.82
322.8
325.24
321.65
327.76
341.38
339.16
340.91
338.95
347.81
364.87
380.36
413.05
396.77
411.9
423.66
414.2
411.47
395.6
379.71
368.71
364.28
365.32
364.14
369.49
369.2
391.32
401.05
386.79
381.31
395.31
427.99
420.25
434.06
437.16
437.34
439.1
428.89
431.14
429.96
440.33
473.72
502.74
533.42
558.75
543.59
603.31
508.2
501.19
526.15
504.37
479.67
487.01
478.24
463.61
426.72
420.81
407.57
364.17
329.46
291.18
255.38
240.86
174.31
140.89
144.73
135.34
112.3
88.98
72.93
74.4
64.5
61.14
56.42
53.81
54.65
56.72
58.11

50.66
48.17
50.1
48.53
51.87
56.61
52.8
51.19
63.26
49.95
54.35
47.5
46.28
46.18
54.89
78.47
58.36
54.2
56.53
61.67
64.82
77.39
90.67
104.46
104.05
102.47
105.08
106.74
107.77
111.34
121.01
122.17
164.32
235.65
213.19
158.98
143.06
137.38
140.99
142.41
142.19
145.81
168.88
233.67
200.01
164.29
153.78
144.94
143.26
144.88
148.46
152.1
156.15
160.03
164.7
181.54
175.96
175.98
180.83
190.75
188.52
185.83
184.3
186.75
190.31
195.91
188.55
185.25
187.43
193
200.96
211.53
210.63
210.17
208.39
213.1
213.82
209.81
203.21
199.5
200.8
192.1
194.4
194.91
202.42
206.12
205.41
204.54
199.49
193.06
195.59
194.45
192.69
189.33
188.11
185.05
181.88
183.41
184.68
188.49
194.23
195.94
198.98
211.87
238.53
261.62
252.93
239.48
297.08
268.47
210.32
173.12
166.7
191.46
164.86
168.01
162.74
158.06
159.04
152.02
143.17
130.57
128.82
117.45
104.96
96.24
102.16
95.3
83.54
79.37
81.11
89.37
99.52
110.1
126.17
134.96
140.62
133.94
127.02
113.01
120.11
131.15
116.02
121.54
152.37
137.17
132.06
132.77
132.18
146.35
177.44
170.36
137.8
126.45
125.38
117.64
110.09
114.36
126.52
117.74
100
98.53
101.86
106.36
110.03
117.99
114.69
123.26
135.86
136.1
137.08
138.88
138.14
145.74
188.13
253.62
283.05
350.75
338.88
282.86
249.75
232.75
224.42
210.88
207.96
207.52
203.79
200.89
204.35
207.4
285.74
306.24
265.14
241.98
226.53
222.06
225.03
214.36
206.4
215.91
210.33
212.07
215.23
237.29
247.52
235.15
225.24
219.98
221.89
235.78
234.69
238.68
243.42
246.3
249.21
257.02
264.9
275.05
283.75
291.2
310.94
313.22
319.32
319.2
310.43
307.46
302.45
294.65
305.76
310.57
305.8
301.6
294.55
284.53
276.97
272.08
261.18
259.55
258.86
258.57
258.45
258.35
257.5
256.06
254.7
253.63
253.29
257.73
259.18
260.95
264.92
269.86
289.46
286.83
280.68
289.04
314.12
314.34
313.57
320.11
269.67
227.74
219.47
242.65
241.86
247.86
258.05
260.12
257.31
253.02
172.43
184.27
191.95
164.74
139.29
130.93
129.47
131.09
144.33
160.94
143.75
146.93
146.08
138.6
130.08
127.89
129.94
127.18
121.41
122.45
133.94
125.21
121.87
105.37
108.27
110.47
106.57
112.9
116.66
123.99
133.52
133.93
125.57
125.14
144.68
125.47
121.23
140.36
137.9
147.44
150.75
152.76
182.94
210.31
207.58
193.53
195.16
205.03
196.49
196.16
208.93
202.43
198.05
208
215.82
205.54
198.33
203.4
215.73
203.71
200.03
192.61
194.21
193.7
200.02
200.5
206.08
213.44
217.96
223.83
232.74
237.07
253.2
273.31
279.42
282.06
283.98
293.04
297.77
292.11
294.81
296.66
305.38
306.04
309.65
312.4
307.18
303.63
300.04
298.02
297.13
292.56
294.26
288.98
282.55
283.72
279.07
271.77
264.12
265.67
266.61
264
263.8
263.41
270.13
276.6
279.76
284.4
282.58
287.64
288.26
298.37
296.16
303.67
304.2
310.27
309.9
314.73
313.79
319.86
327.14
357.64
396.3
416.32
435.51
414.61
502.45
533.05
454.38
398.02
356.52
312.78
300.73
283.7
278.79
266.15

290.12
265.24
257.1
215.43
176.8
155.05
149.08
121.36
116.33
134.6
100.08
142.72
108.38
83.44
74.9
102.52
71.26
62.03
64.36
51.36
55.13
53.99
48.33
52.8
61.17
64.09
61.82
56.67
59.86
67.27
55.29
71.99
67.49
64.13
65.27
59.01
74.49
60.4
62.84
60.86
64.95
63.36
65.43
65.43
72.87
72.05
77.75
86.23
105.12
134.16
136.11
155.55
161.1
156.75
158.34
152.98
159.46
161.53
170.57
172.4
171.54
171.94
171.18
197.18
214.51
205.82
203.5
201.5
199.65
193
189.94
190.33
196.07
203.89
238.28
266.79
274.5
287.97
284.65
314.35
316.41
322.5
323.61
295.4
275.47
259.92
254.94
253.1
234.34
224.97
222.45
214.5
207.2
202.07
203.77
201.32
201.87
209.05
223.36
223.05
221.78
222.87
229.44
231.83
238.73
238.36
237.62
234.43
233.83
235.76
239.81
233.17
240.6
281.39
301.8
300.21
296.27
294.26
283.28
279.84
276.84
263.14
255.58
249.04
255.44
263.54
260.11
255.66
254.23
257.83
267.42
284.15
283.95
289.4
363.68
450.52
420.69
394.85
373.94
344.43
326.06
308.69
295.65
262.61
249.91
245.68
233.14
236.09
240.75
237.73
228.39
192.15
198.75
193.36
176.29
153.17
140.09
129.75
119.79
108.89
99.75
92.36
96.42
84.29
78.69
82.79
89.03
82.76
65.65
54.03
54.21
53.63
58.71
59.81
64.14
64.89
63.24
70.73
92.23
106.75
111.95
96.92
85.02
84.28
76.01
70.45
68.7
71.26
78.77
83.99
101.65
139.09
136.54
124.91
124.5
126.45
130.81
130.74
130.76
127.06
128.58
128.54
120.23
117.67
113.57
109.25
114.2
108.82
121.03
163.23
166.92
157.86
175.51
134.73
122.64
124.6
138.72
143.93
141.62
142.15
139.68
138.24
149.17
164.66
172.72
178.1
176.68
174.35
171.04
173.2
193.48
211.24
208.84
217.24
214.61
210.12
214.74
218.71
222.94
225.08
232.73
245.56
244.67
243.46
254.48
250.76
243.2
236.6
228.41
223.8
224.24
217.58
217.12
217
219.89
221.61
225.4
235.15
238.27
239.92
236.4
228.31
221.8
216.98
212.98
210.18
206.08
199.45
197.53
195.71
200.24
199.41
199.67
201.79
217.84
338.01
320.8
415.01
415.82
355.44
253.33
459.11
340.61
289.73
250.13
230.33
259.87
246.3
245.33
252.76
271.57
257.53
251.87
245.38
231.45
238.96
243.89
222.6
229.17
217.58
220.51
210.88
173.08
162.36
143.5
116.61
108.6
101.99
98.45
79.19
69.38
64.86
70.05
68.95
68.93
69.48
58.97
57.48
73.67
63.31
62.3
54.3
56.62
57.51
60.46
63.45
62.71
61.77
64.17
64.73
74.47
84.83
91.62
104.98
112.66
137.01
140.21
148.16
172.37
169.8
180.92
259.61
296.08
224.8
188.23
181.98
191.26
196.22
189.62
187.25
186.23
197.79
217.52
219.33
264.23
401.46
410.6
353.2
367.44
400.17
408.16
335.27
326.18
314.06
304.82
293.09
283.2
287.32
288.39
280.83
274.61
274.37
270.74
269.33
271.42
273.53
268.18
263.92
264.37
263.65
256.81
249.98
251.63
254.42
252.75
248.52
244.16
243.58
239.49
236.92
236.27
231.77
230.6
230.53
229.33
228.29
225.02
225.72
226.28
224.26
227.13
224.35
222.13
231.95
221.57
221.33
229.63
226.57
225.78
227.85
225.11
227.84
229.39
229.38
236.11
237.84
240
247.64
274.95
391.8
347.44
324.12
311.9
337.1
291.77
290.04
284.26
233.19
211.04
211.84
192.35
197.56
187.06
189.88
160.31
157.15
189.32
179.54
185.8
142.67
140.12
88.31
76.32
67.84
57.74
53.44
60.65
84.46
57.29
59.61
53.77
49.95
49.71
52.85
56.28
54.64
54.1
169.87
50.43
57.18
56.27
44.93
41.78
53.39
41.44
92.63
147.91
52.29
48.23
51.8
53
52.13
64.95
62.47
65.17
64.26
71.47
188.47
195.66
87.81
85.09
92.67
101.55
107.97
125.64
143.89
163.01
175.55
160.94
186.03
400.54
347.7
311.47
325.86
320.13
316.74
307.39
279.2
289.64
282.68
270.09
260.65
231.46
239.05
220.35
198.6
197.62
197.29
199.59
199.37
198.7
196.1
191.62
186.59
182.61
176.21
174.75
168.56
168.37
165.24
159.5
156.51
151.65
150.81
152.75
152.44
153.48
157.83
159.33
164.54
163.79
166.65
166.65
164.56
169.72
171.44
170.31
170.78
186.58
210.53
205.49
199.27
212.81
227.85
216.73
208.42
204.69
206.31
218.1
227.16
254.74
271.27
277.08
317.28
253.2
280.73
241.97
231.37
256.75
225.93
241.31
339.11
408.07
429.82
415.67
384.08
381.52
351.34
357.02
363.25
376.91
468.13
470.86
438.7
436.93
443.71
484.89
489.28
490
431.54
419.44
361.18
304.04
250.41
230.02
235.38
245.42
231.08
226.11
210.72
138.17
145.42
147.16
166.18
181.2
213.38
206.36
207.15
224.46
236.02
233.27
227.52
220.71
221.33
201.08
167.35
148.09
148.9
158.06
160.99
163.26
134.71
126.76
127.92
126.08
135.15
148.96
166.51
173.29
173.34
186.88
211.41
229.93
243.37
250.21
270.57
270.96
252.96
269.34
281.36
326.07
376.05
279.33
273.74
282.18
291.47
302.27
291.68
309.82
308.93
319.04
310.28
307.47
308.52
317.97
317.82
311.71
312.77
313.81
311.54
318.14
319.09
310.33
317.46
332.7
356.15
360.38
400.12
466.54
446.92
455.56
487.5
510.9
539.9
562.31
578.84
588.89
606.8
613.49
601.1
575.6
547.15
519.48
550.99
465.26
473.51
451.29
438.8
435.27
425.87
422.75
420.53
412.88
413.54
413.44
423.11
420.86
427.8
441.33
466.13
488.98
489.71
491.51
495.07
511.84
571.36
617.35
624.19
630.35
641.88
642.09
645.55
643.22
675.99
694.51
699.7
719.57
737.11
759.08
770.17
771.6
758.77
761.39
780.74
786.46
765.83
755.93
766.52
758.84
690.37
650.86
605.05
559.29
531.33
532.46
504.99
478.43
367.22
235.67
192.39
185.09
196.29
231.59
208.12
188.98
199.38
194.66
189.14
188.96
175.6
159.23
157.76
156.87
149.81
147.64
145.32
137.24
127.48
119.72
152.74
113.99


138.1
138.25
127.12
129.93
131.94
134.07
141.11
150.01
155.09
153.05
155.84
162.55
174.44
179.56
195.03
212.21
220.71
235.92
239.6
253.88
253.62
289.65
350.63
366.27
387.74
326.45
295.24
296.84
269.52
253.64
262.96
269.49
292.9
291.84
337.43
295.63
327.54
367.77
412.8
377.46
365.48
350.92
335.49
325.46
323.44
320.34
321.68
325.96
327.2
334.25
347.73
363.11
368.51
373.85
374.2
367.62
366.89
371.54
367.83
376.34
390.43
388.86
389.86
397.77
403.92
401.98
409.89
416.05
407.59
406.43
403.64
396.89
390.58
389.73
385.91
379.86
374.67
374.4
388.82
395.88
399.41
408.87
407.95
403.46
402.4
403.15
403.87
408.55
414.09
406.24
401
409.96
406.05
407.89
413.2
425.36
416.82
425.17
445.22
470.41
475.84
489.03
492.35
503.96
520.78
506.31
509.33
512.15
508.82
506.36
506.7
512.94
492.99
478.05
430.14
389.62
345.82
299.09
275.7
316.67
281.2
292.82
283.01
275.49
296.23
291.06
261.77
243.28
224.86
222.31
229
248.62
238.85
191.29
188.44
167.7
154.33
153.09
150.78
151.62
149.19
163.13
172.31
159.77
155.97
153.49
165.22
164.88
165.47
185.25
184.51
191.3
185.4
204.33
200.78
206.95
216.86
225.96
241.54
245.59
248.21
260.9
268.07
276.52
283.3
293.65
329.65
313.81
417.57
484.46
553.72
771.05
1028.01
833.68
518.04
392.24
424.25
385.45
380.3
387.44
378.02
361.11
359.7
367.56
377.14
382.79
384.26
390.86
391.77
386.38
389.02
380.67
376.95
377.41
372.95
365.29
376.71
393.39
387.23
398.35
387.63
384.33
381.14
377.96
382.44
382.7
380.75
375.18
360.08
356.87
345.54
336.61
330.6
324.52
328.97
326.09
323.53
318.95
316.79
319.58
329.22
347.65
357.29
367.93
373.16
376.14
379.01
381.37
379.47
379.11
377.07
366.86
356.59
351.94
344.71
344.06
341.11
335.83
339.66
339.16
330.91
327.98
323.44
329.19
333.33
343.47
371.6
372.37
378.67
372.11
355.43
348.04
364.74
368.98
366.28
362.55
363.63
354.18
342.44
347.76
360.94
371.84
338.18
310.58
309.4
297.28
274.94
248.39
211.29
199.22
199.86
200.58
196.64
194.66
198.95
202.45
201.86
196.01
187.54
183.19
185.01
186.03
187.46
175.21
173.66
164.98
168.54
169.16
168.46
167.66
166.43
160.82
160.54
200.78
186.19
230.3
200.85
290.61
220.48
209.5
230.39
258.3
282.43
301.57
285.39
265.79
246.79
437.65
452.46
397.1
427.32
397.35
370.52
426.81
478.67
482.93
501.04
462.52
369.65
385.1
370.15
372.27
358.81
352.69
305.34
318.44
290.9
285.8
267.3
267.18
279.26
271.9
273.2
278.04
285.36
282.7
282.36
282.19
286.95
289.82
294.25
292.5
298.5
305.85
327.01
346.8
359.42
367.22
390
388.62
388.37
421.36
427.16
410.56
397.23
396.93
381.27
381.36
370.91
357.9
361.45
358.83
362.86
355.04
355.57
352.37
348.3
341.97
343.7
336.94
336.94
342.18
345.71
344.59
351.57
349.26
348.74
349.71
357.14
356.42
361.57
363.72
366.34
366.53
367
377.02
424.38
453.93
472.97
500.29
504.97
507.42
505.11
501.72
496.47
500.05
494.42
493.03
483.48
475.47
468.35
434.86
410.2
414.96
428.35
388.17
396.86
409.06
358.45
344.13
320.62
327.64
306.67
306.01
303.2
254.22
249.91
328.07
335.46
300.65
246
202.62
171
172.62
192.49
211.38
223.21
205.74
178.43
167.68
155.36
136.83
93.71
83.06
83.47
92.31
111.18
117.84
126.32
131.3
142.98
148.82
149.25
150.63
156.71
153.54
154.27
155.65
156.74
169.36
181.06
190.31
188.7
186.36
186.79
190.51
198.91
208.96
216.17
235.46
222.19
223.12
224.98
226.55
234.68
244.19
246.39
251.03
299.44
343.2
349.46
368.79
382.46
412.73
429.63
438.63
447.32
447.36
447.83
448.74
443.24
442.36
443.24
440.95
437.58
439.37
440.6
442.94
448.9
444.49
448.95
457.95
464.1
463.95
465.03
466.05
459.88
449.75
440.55
439.47
439.83
435.08
428.57
425.71
419.32
416.03
407.98
402.29
393.51
384.52
380.06
381.54
384.13
387.88
390.65
393.68
400.63
404.09
414.42
415.32
420.04
426.45
430.48
436.33
438.94
443.84
452.29
460.54
464.47
468.19
478.19
484.58
495.23
513.11
517.91
511.38
500.14
491.51
479.9
465.55
458.23
446.63
436.39
388.82
379.52
381.26
408.03
363.31
345.65
351.37
359.09
348.4
334.58
301.47
278.73
249.52
232.17
245.84
256.32
215.22
203.3
182.54
162.33
149.22
137.91
129.16
122.17
115.68
109.56
111.34
90.62
92.05
98.98
91.31
99.09
103.23
102.75
109.6
108.51
108.35
110.56
108.38
106.27
112.05
121.46
139.94
169.99
125.44
115.46
120.2
126.36
132.29
147.95
171.02
172.66
172.94
172.76
190.74
198.42
213.63
217.46
246.39
261.47
272.69
229.9
209.66
196.74
210.81
243.03
298.34
350.63
282.9
238.57
217.04
209.31
206.4
199.91
195.95
200.89
202.71
210.28
214.3
223.78
237.87
242.45
242.63
251.84
257.71
267.49
275.91
277.21
286.95
293.5
314.48
340.93
350.99
347.52
339.5
333.93
327.49
321.99
309.78
303.17
298.12
292.88
293.97
288.97
284.41
276.9
268.92
262.27
265.39
261.12
259.37
258.14
251.81
244.41
237.92
240.84
246.85
247.78
245.86
236.04
236.35
234.73
237.01
238.7
238.27
238.6
238.82
240.28
247.45
251.71
258.14
265.35
274.48
287.98
300.73
310.6
318.45
330.69
342.93
356.32
363.83
365.95
371.59
383.07
390.74
374.48
352.72
350.03
342.49
343.29
336.89
342.01
343.05
353.29
332.71
273.82
287.21
305.29
321.63
344.23
360.44
357.93
347.52
327.22
326.09
330.51
298.28
289.21
291.04
287.71
288.07
284.91
288.58
288.62
289.17
288.94
278.05
275.81
276.68
277.33
293.6
306.6
313.12
308
309.51
313.63
313.3
322.56
328.9
337.46
342.86
336.43
323.96
333.37
352.22
355.95
358.36
373.01
384.19
402.79
429.55
444.41
463.76
479.17
643.13
651.08
594.33
526.04
493.99
477.44
482.96
483.33
493.72
480
466.17
472.78
481.59
487.71
519.5
543.98
518.23
504.33
499.73
547.87
591.29
578.44
555.22
520.43
526.32
528.73
529.94
533.73
544.91
550.04
568.54
556.98
554.66
558.34
551.26
547.7
543.34
548.21
550.02
547.03
553.85
553.57
551.86
555.37
550.07
552.44
554.62
560.35
554.39
556.01
577
609.63
650.21
683.39
704.52
689.21
667.6
663.36
647.91
636.84
640.53
631.44
631.39
626.86
626.56
624.48
615.71
617.95
621.37
621.22
618.21
619.07
619.79
624.28
630.6
632.96
641.43
635.29
625.72
616.97
607.63
605.67
582.16
556.89
530.22
518.98
504.1
455.45
453.75
473.96
390.43
363.59
392.82
398.51
375.12
355.57
345.83
308.12
313.81
281.84
255.57
246.92
248.41
227.86
210.56
213.91
213.03
223.96
235.27
228.53
248.32
226.63
219.47
218.1
223.63
223.18
239.17
253.93
248.96
255.63
292.97
251.11
250.84
254.35
275.55
255.25
271.47
283.54
296.09
291.49
290.79
305.53
313.68
383.73
365.45
366.14
388.12
432.35
419.22
420.89
411.75
428.71
427.54
439.64
447.49
457.08
451.62
452.66
452.13
458.05
448.89
445.05
451.45
470.27
539.76
558.06
501.77
492.5
498.15
493.45
508.27
506.81
515.97
500.98
485.46
479.6
476.1
485.46
490.96
504.54
513.7
520.56
515.45
521.49
518.14
527.12
522.41
529.47
537.99
541.37
550.75
552.86
557.94
570.55
567.95
552.54
528.45
511.36
496.26
491.94
493.24
491.28
494.67
497.69
504.16
503.44
503.37
511.18
512.31
518.75
519.93
528.57
533.61
533.86
535.49
546.49
553.22
556.29
555.67
559.44
557.94
565.13
570.35
581.11
581.18
592.13
602.13
623.07
642.02
638.15
630.38
633.64
621.79
617.98
602.92
586.21
561.27
560.69
555.69
549.81
543.3
548.42
514.66
431.11
423.4
424.77
426.06
412.97
363.58
268.73
244.97
204.8
179.84
155.69
147.86
143.03
135.95
124.19
113.8
116.6
117.62
112.07
96.62
98.94
100.51
94.2
93.45
90.87
93.5
102.83
102.15
103.75
148.92
97.39
115.09
101
104.5
111.53
108.31
115.6
118.44
127.46
141.44
132.91
140.61
156.72
159.66
175.66
190.25
208.75
236.8
272.87
290.77
303.71
318.11
322.18
352.74
375.78
389.15
408.62
405.04
416.95
436.23
460.56
477.8
494.54
506.85
539.57
575.81
620.04
637.03
647.5
654.95
673.71
696.64
729.99
754.82
764.19
783.11
788.02
791.91
795.81
798.06
787.97
787.67
790.21
787.93
788.12
796
796.45
792.93
798.72
799.67
792.13
773.24
751.91
734.96
726.31
721.85
710.71
715.78
718.68
726.64
729.63
733.05
746.02
757.03
757.5
760.38
753.87
752.02
758.88
775.08
773.15
775.26
783.51
781.34
781.17
772.09
777.93
785.04
786.22
784.59
787.87
790.33
780.66
787.13
779.16
774.85
774.38
771.16
757.34
746.49
727.43
698.97
641.12
631.36
601.54
600.26
576.72
560.63
537.11
492.19
484.33
456.56
427.23
409.13
379.38
362.88
344.36
330.62
318.17
287.61
263.89
210.76
170.92
150.61
144.48
157.04
167.14
161.04
147.74
128.79
146.83
131.46
119.4
122.14
124.96
126.75
126.57
111.56
103.15
122.57
127.24
117.21
115.1
151.32
132.64
125.6
125.74
134.2
170.83
151.18
133.69
166.88
164.22
148.26
179.31
203.05
225.61
183.46
197.19
204.08
217.67
240.06
251.03
258.5
270.16
284.06
302.96
323.53
342.67
360.04
370.29
373.23
377.77
386.04
404
449.36
485.5
528.95
571.6
622.09
648.07
686.94
722
763.18
788.24
795.04
817.84
830.77
809.95
806.27
825.5
842.43
849.73
874.4
880.09
887.11
891.9
900.36
919.28
917.8
915.21
902.19
860.21
822.43
798.45
769.39
733.71
712.3
691.66
676.19
657.34
651.02
642.84
627.22
614.47
612.03
590.18
569.03
548.78
535.81
533.57
526.68
510.96
479.04
463.57
456.52
439.18
424.73
394.71
376.94
360.18
346.14
339.16
332.49
328.95
330.03
333.85
340.46
346.46
349.03
354.87
381.13
402.23
424.03
444.29
464.94
464.27
476.58
507.31
501.65
490.26
479.9
467.54
459.62
435.73
416.79
384.63
357.97
332.99
282.98
244.19
215.9
197.76
164.69
151.79
164.75
149.46
143.42
121.32
113.98
114.28
110.54
106.74
114
113.44
117.3
111.72
108.97
106.23
105.79
100.4
104.44
108.05
111.57
118.57
114.55
104.98
107.55
106.99
110.12
105.91
102.98
112.11
108.44
108.76
115.18
111.89
124.21
127.82
130.61
147.36
157.01
167.81
169.76
181.39
187.15
195.28
195.18
196.68
196.28
201.81
210.32
215.4
227.67
234.26
238.35
247.41
252.65
259.67
274.28
300.23
317.61
345.81
355.61
355.15
358.82
368.15
364.48
352.58
350.92
357.9
352.11
347.31
344.08
340.43
345.7
331
320.92
315.53
312.15
310.3
307.85
304.26
303.45
307.4
303.79
298.81
285.94
270.99
246.33
233.19
223.16
215.32
207.29
188.36
175.79
170.97
169.13
166.61
161.1
156.91
156.11
156.3
153.75
150.1
152.68
151.24
152.91
156.24
155.93
153.41
155.21
159.4
162.71
166.09
164.68
162.66
166.73
169.25
169.67
165.35
163.13
165.14
172.1
167.56
168.06
189.6
178.94
181.65
190.55
196.26
212.73
219.46
229.97
231.77
236.83
257.76
260
269.69
280.61
284.21
293.62
303.23
308.24
312.33
308.1
310.39
310.99
310.41
313.06
305.27
314.85
317.55
318.75
329.71
322.9
309.38
299.45
282.61
256.06
203.4
190.11
188.37
159.68
140.69
117.68
119.59
119.05
116.12
116.88
115.75
117.54
122.78
125.29
129.24
130.47
139.08
138.8
148.32
156.85
175.27
188.25
201.93
215.28
223.95
237.03
246.68
261.39
426.83
384.64
290.76
296.64
303.78
307.31
309.67
322.26
311.05
366.14
445.94
356.05
319.21
329.18
315.81
268.53
320.33
297.8
331.15
330.41
329.06
317.39
301.41
302.15
314.21
306.95
311.51
312.92
314.6
309.26
313.4
313.24
309.5
310.14
313.08
321.45
328.99
344.06
376.65
357.72
324.34
301.37
284.62
275.51
263.58
253.93
240.16
236.8
229.28
225.69
222.52
220.97
220.33
216.4
213.95
210.76
210.74
221.33
220.28
224.01
235.24
255.4
253.65
244.27
250.74
253.69
246.55
243.37
251.73
258.02
253.31
249.37
250.06
254.77
257.48
268.17
274.46
284.72
292.57
296.51
287.99
280.23
262.48
264.83
269.83
267.22
272.27
251.7
328.22
434.67
255.11
227.06
232.33
236.36
234.87
229.23
229.79
235.71
223.9
210.33
202.71
206.33
205.81
204.22
192.06
174.35
157.79
127.78
126.57
96.27
87.85
81.45
81.27
71.77
60.24
64.07
109.46
76.3
59.53
58.26
56.04
56.47
55.64
63.6
67.91
70.38
73.97
72.09
74.78
186.17
81.25
88.69
95.02
102.8
111.24
111.55
120.7
118.93
126.94
148.21
171.38
193.14
205.22
204.84
216.79
225.1
224
225.54
232.95
237.13
236.07
243.53
322.14
376.53
280.13
263.26
281.42
270.24
276.69
278.36
281.58
277.18
286.41
294.64
291.8
303.33
291.87
274.83
257.05
254.64
249.53
248.41
262.88
271.78
263.1
253
261.07
256.32
264
273.37
287.39
292.42
292.35
288.96
283.33
282.41
279.72








279.03
272.03
263.47
253.34
246.73
236.91
229.97
227.15
225.09
223.4
234.42
228.9
224.56
217.48
218.37
220.67
221.04
226.81
228.3
237.54
237.74
242.61
248.1
251.1
259.11
260.09
269.31
291.39
309.33
326.36
344.94
357.45
401.36
441.83
448.63
560.03
540.85
500.94
482.55
465.51
461.69
486.28
523.42
544.4
558.35
577.74
593
606.51
641.42
665.88
685.64
694.56
725.51
733.97
751.52
766.68
788.23
802.77
809.88
807.81
807.83
813.37
811.45
804.19
798.09
782.34
774.95
772.47
761.61
754.76
747.93
730.08
710.73
687.6
672.32
658.54
650.87
653.58
659.73
662.57
653.03
650.01
681.22
639.95
639.6
622.25
617.28
619.58
622.91
619.91
623.23
635.88
627.53
626.37
631.18
618.84
620.54
615.15
618.36
617.61
617.66
617.07
638.59
642.17
649.84
652.68
662.38
657.82
661.86
661.22
667.92
668.65
680.3
688.18
698.59
703.82
695.49
677.94
673.41
659.24
649.83
654.37
650.38
646.87
641.39
636.22
640.35
636.33
635.02
638.68
639.95
643.93
639.15
634.05
640.83
642.4
645.91
647.09
647.14
654.56
654.52
658.08
667.33
676.97
673.83
675.73
668
658.09
643.42
639.04
625.69
610.64
596.99
594.1
591.86
580.9
572.5
568.85
561.35
551.46
541.48
526.18
514.7
502.96
491.2
481.6
498.18
498.38
495.31
491.55
474.75
466.94
470.14
482.57
501.43
482.82
476.5
447.83
516.9
496.38
464.7
453.25
443.81
432.7
441.41
417.39
403.91
408.56
422.64
426.6
426.68
409.75
428.44
473.04
494.08
489.48
372.79
340.09
351.05
420.01
421.8
456.83
497.68
518.29
509.49
506.25
511.69
503.32
462.02
407.43
416.01
448.66
399.1
369.04
350.71
351.76
328.2
315.45
292.4
275.47
398.1
270.36
272.14
270.14
268.98
264.31
256.72
250.11
243.85
243.26
254.6
262.31
269.67
287.94
384.08
342.37
340.6
417.46
682.44
887.73
824.01
845.67
878.62
902.17
824.98
1302.91
1092.48
790.7
693.36
772.24
896.98
1248.67
1187.56
905.31
659.17
549.2
511.65
571.34
511.39
469.29
479.93
477.99
458.22
464.81
460.16
465.15
456.54
465.16
466.37
469.53
476.53
471.7
484.54
479.75
490.73
501.94
525.26
527.47
519.5
520.68
505.55
493.02
484.7
470.39
462.14
451.09
442.13
436.07
434.37
431.87
425.61
418.89
412.04
412.16
408.57
409.89
403.31
401.66
398.43
396.76
393.52
388.07
382.61
375.88
372.3
368.69
367.04
366.27
364.25
362.22
363.83
364.31
370.03
362.83
364.18
357.25
347.18
338.88
335.81
335.67
336.62
338.9
343.39
348.56
354.33
380.06
388.34
421.84
475.41
466.5
475.59
488.24
496.93
500.61
496.47
476.72
458.47
440.58
443.07
444.99
461.77
480.73
477.95
477.09
459.77
464.02
475.35
475.37
474.7
477.65
501.52
510.2
508.16
521.82
518.98
513.41
509.29
486.05
407.61
354.18
335.29
315.91
289.84
284.38
272.6
269.52
267.58
276.16
279.95
295.69
286.42
278.01
302.32
301.42
308.53
316.56
319.57
326.86
337.93
370.31
388.15
398.36
407.37
424.06
438.73
445.82
462.21
469.01
479.2
511.11
508.19
484.34
452.4
458.13
464.9
498.45
509.19
541.73
565.57
585.93
607.4
632.68
597.94
597.34
615.44
674.56
741.45
801.01
834.37
859.18
865.93
896.9
921.87
926.13
929.72
926.14
900.58
895.81
837.64
800.9
775.45
763.14
740.76
748.33
753.39
755.03
760.75
774.57
782.5
798.89
806.98
815.02
816.6
819.2
808.92
801.4
787.55
782.66
780.79
777.34
770.37
765.53
756.66
749.95
750.45
738.35
737.56
738.51
737.98
734.16
736.58
738.46
727.05
725.52
721.52
729.15
729.46
882.98
715.48
715.98
718.83
724.16
732.82
765.74
806.35
851.13
832.05
929.86
931.82
889.98
866.03
852.62
791.48
749.08
659.17
625.41
601.89
610.16
618.74
619.21
633.26
617.39
609.32
545.98
510.62
430.47
349.92
328.22
329.27
328.75
335
336.23
339.88
341.57
333.95
332.3
298
269.6
250.7
239.12
241.38
247.31
261.72
249.5
241.69
245.43
243.66
234.5
231.03
228.37
245.65
229.31
229.32
234.24
233.07
235.7
240.06
253.46
263.48
265.33
278.39
290
301.11




340.86
360.13
372.52
385.69
389.47
401.24
409.45
413.6
431.86
454.2
448.99
412.24
408.69
414.6
412.24
422.69
439.78
437.64
432.11
435.48
438.13
451.71
458.17
457.58
460
473.71
470.92
471.16
473.86
473.67
468.82
470.11
479.5
484.53
494.02
497.2
499.43
509.09
502.38
502.71
500.91
502.07
494.62
497.56
497.5
500.35
509.6
507.36
506.04
501.69
494.14
496.95
494.05
495.06
499.04
493.75
480.23
471.62
452.16
448.24
437.06
441.41
433
427.48
423.69
424.71
426.17
425.72
431.62
429.56
442.31
448.28
454.09
458.55
457.81
454.72
465.1
473.52
481.36
492.87
500.51
524.03
567.32
606.13
619.34
621.81
650.78
706.98
712.96
718.79
704.4
709.56
734.91
729.64
711.62
700.91
686.87
689.2
693.07
695.47
701.02
704.69
710.84
729.13
745.93
744.08
685.75
723.5
731.16
735.92
770.88
778.01
752.41
717.34
680.63
652.09
614.13
619.12
624.52
618.01
619.04
570.97
501.54
520.13
487.13
437.04
391.22
380
369.94
360.95
377.87
405.82
454.76
448.69
466.58
494.07
501.17
537.99
536.02
561.66
572.43
586.22
593.72
596.28
626.38
617.91
602.42
612.76
620.49
629.04
668.64
621.97
594.66
621.35
628.72
631.45
638.5
635.27
634.52
641.51
653.06
675.16
670.53
656.41
642.7
653.09
701.47
709.75
692.47
708.29
712.61
709.78
729.79
734.55
744.84
755.52
774.23
787.44
800.17
792.51
809.31
821.34
836.88
855.72
881.14
910.35
940.67
987.96
995.55
1005.07
1004
993.35
992.4
990.29
984.88
987.52
989.69
987.45
988.03
991.37
988.07
989.23
987.41
986.52
979.51
966.22
961.91
961.2
960.08
956.5
954.52
939.84
936.74
930.86
908.67
895.74
883.22
871.07
859.37
864.81
853.18
845.37
854.79
858.27
860.83
868.16
867.01
873.64
867.35
855.88
850.48
831.62
824.56
821.99
802.35
794.24
756.82
740.34
684.02
684.93
682.65
656.53
731.24
778
793.64
710.17
671.3
708.22
751.05
777
775.49
786.05
806.59
817.6
817.79
834.25
856.23
858.88
873.37
866.62
871.53
862.78
846.79
843.45
841.1
853.58
854.39
866.39
864.75
870.1
881.22
884.45
902.52
907.58
912.19
913.88
925.9
929.11
926.61
930.66
934.84
944.87
947.76
950.1
956.77
961.85
957.62
967.42
990.04
995.44
989.68
1005.15
995.25
1002.12
1007.55
1011.81
1015.85
1020.81
1013.28
1026.24
1039.57
1054.49
1049.76
1043.3
1020.84
1026.39
1014.66
1020.79
1026.13
1043.3
1047.75
1035.61
1033.3
1028.38
1016.79
1023.93
1022.88
1030.92
1021.45
1044.26
1065.94
1061.35
1059.28
1058.71
1078.91
1077.55
1086.82
1090.52
1097.68
1105.67
1126.55
1133.37
1135.54
1151.04
1138.06
1137.82
1112.93
1089
1089.91
1075.82
1074.83
1064.83
1066.17
1064.02
1060.37
1044.23
1032.42
1013.41
1002.03
999.54
998.29
1000.88
998.71
1015.8
1013.45
1000.55
994.06
997.52
987.29
988.72
982.33
981.05
982.02
994.7
1004.15
1003.27
1008.25
1010.05
1010.93
1019.21
1032.51
1024.97
1037.18
1040.82
1046.78
1046.61
1075.38
1105.77
1072.72
1028.96
1014.16
962.75
877.98
837.39
885.25
781.13
643.26
783.31
593.92
526.64
484.87
484.92
478.46
468.85
438.36
416.46
409.29
365.84
353.58
334.21
279.91
218.27
203.67
213.76
225.9
232.85
232.98
234.73
236
237.5
243.39
246.83
241.58
238.22
238.27
238.12
220.92
220.35
223.24
197.83
187.66
175.37
175.11
188.35
183
179.73
182.51
188.31
194.29
201.9
203.44
213.43
210.05
197.72
200.32
195.54
203.56
223.45
243.34
272.41
317.63
276.66
252.15
235.57
231.59
229.46
243.11
266.89
296.34
320.1
283.59
281.3
303.15
309.19
287.58
276.7
268.66
269.9
279.51
282.7
286.77
284.84
294.82
302.79
306.39
312.27
317.89
314.41
301.56
295.09
292.3
289.52
295.98
285.53
284.63
288.06
294.59
335.92
362.64
334.97
342.88
346.08
345.52
358.67
386.57
378.54
378.55
363.97
346.87
349.88
333.69
332.32
332.57
335
337.57
347.18
384.33
394.21
401.53
407.94
408.34
406.46
406.27
399.86
396.38
392.27
382.83
379.94
382.08
369.5
372.03
370.83
364.88
353.04
336.95
316.21
305.66
308.55
326.9
327.31
285.95
243.47
219.85
221.14
217.48
225.18
217.13
201.66
178.07
171.03
182.4
173.95
154.73
138.87
126.58
118.74
119.62
115.27
136.32
154.13
152.86
147.92
139.08
138.23
148.24
149.74
150.23
150.6
155.48
155.76
153.25
145.82
135.34
130.67
131.94
129.29
128.15
125.75
122.9
123.54
124.07
126.81
127.48
126.49
128.92
131.11
131.16
136.02
139.81
145.33
146.73
177.15
194.17
207.17
391.81
279.3
296.48
221.04
225.66
224.81
236.11
232.59
210.53
175.95
196.82
198.39
220.78
213.15
210.86
217.2
241.71
259.75
269.79
304.93
236.72
230.87
254.17
272.26
259.8
242.09
251.2
242.75
255.38
245.74
265.59
290.98
290.75
293.53
303.05
276.3
306.76
297.1
301.07
294.64
298.79
304.39
306.74
310.99
311.98
319.51
318.06
317.36
315.44
317.6
315.92
316.11
321.13
314.93
317.27
316.06
319.5
322.77
339.48
368.04
366.78
366.26
375.96
384.34
393.31
397.55
394.68
407.36
396.69
400.46
395.81
395.94
401.11
402.13
396.97
405.38
403.59
391.33
387.57
382.14
376.83
394.48
410.39
431.77
463.54
466.62
479.63
497.19
519.03
546.47
555.23
512.16
424.56
452.51
410.06
357.37
284.29
221.92
174.85
144.99
127.82
111.31
129.73
157.28
166.73
159.79
158.4
154.79
152.85
158.44
160.86
164.86
167.32
169.36
173.6
167.01
170.14
173.74
174.3
178.05
174.2
288.67
219.33
169.71
171.22
172.3
172.79
175.69
184.34
194.25
194.92
198.34
205.74
205.41
204.83
208.68
214.1
234.36
253.98
260.92
251.88
261.9
274.54
284.58
306.82
332.8
327.6
261.62
300.91
321.82
328.64
308.89
310.72
318.71
335.72
353.93
370.84
371.8
371.86
384.22
398.86
399.55
422.77
427.35
429.44
435.8
424.05
413.23
412.01
419.66
397.61
377.53
360.99
378.72
387.98
378.47
386.89
373.98
370.23
374.72
379.33
386.75
394.89
401.08
395.25
393.93
400.4
405.44
407.04
415.18
390.76
368.66
372.24
364.32
408.52
419.51
411.14
428.15
487.22
554.41
606.19
621.71
627.45
615.45
599.6
564.53
570.53
566.65
559.4
558.29
555.11
554.32
555.19
558.13
557.08
567.63
572
591.48
605.94
597.1
602.26
598.89
585.25
582.9
576.13
573.38
575.54
563.7
563.46
537.86
526.21
506.02
493.19
483.8
484.09
457.8
435.5
422.63
419.5
380.59
358.17
345.42
331.48
288.94
260.73
232.57
222.48
227.37
214.55
207
184.72
154.75
144.86
141.78
138.52
144.75
142.59
139.85
173.89
139.43
130.47
125.49
130.95
140.7
132.95
126.71
127.17
125.1
126.75
124.71
127.39
131.32
136.53
140.66
142.53
141.33
144.53
150.9
152.78
157.89
165.62
167.66
177.71
180.88
214.59
296.93
352.45
368.9
383.48
403.12
419.26
427.62
447.55
484.66
509.81
522.58
524.5
542.53
545.57
557.23
559.26
605.03
683.12
721.15
737.54
710.85
697.98
692.06
702.98
690.92
648.7
641.37
645.75
648.68
644.43
642.63
641.61
645.53
648.35
661.26
640.36
630.73
634.99
625.87
619.14
612.52
601.3
598.78
605.06
620.82
624.62
639.81
655.59
668.07
678.9
687.75
677.52
654.3
673.13
685.57
702.49
712.41
736.78
756.44
738.68
743.93
746.56
737.45
728.52
726.43
721.32
719.63
727.5
738.16
755.74
785.11
793.6
822.04
838.73
845.06
848.3
845.74
844.15
853.69
842.57
842.95
833.95
836.14
822.04
809.2
797.65
793.18
789.33
788.3
784.54
791.84
796.42
809.63
821.6
819.79
811.45
805.75
809.57
811.45
799.49
799.53
777.08
749.73
715.57
735.46
695.75
662.26
593.46
559.02
544.78
494.53
483.88
485.12
434.36
388.19
379.92
369.62
352.01
365.9
352.45
346.13
345
338.7
329.34
312.28
313.48
346.31
354.15
361.59
364.88
370.68
372.54
375.75
393.92
424.37
456.19
472.58
519.82
525.67
509.17
501.97
511.92
510.11
522.97
540.01
565.01
599.88
635.26
677.12
694.34
708.26
737.16
729.31
719.51
722.33
718.61
744.51
774.03
827.01
855.92
854.45
837.94
839.56
846.65
898.15
885.19
914.55
941.12
940.81
957.05
957.49
980.25
869.44
831.44
794.61
791.94
799.35
814.61
856.6
916.99
897.39
867.89
867.1
816.38
778.31
804.2
851.88
890.63
954.74
918.68
826.67
778.98
749.26
706.17
683.79
645.4
605.26
581.11
559.23
543.3
550.71
568.05
564.76
557.88
535.84
503.71
498.76
495.43
492.19
487.73
489.81
484.33
475.14
477.17
476.46
469.49
468.92
475.03
473.04
470.08
478.63
484.08
487.46
489.08
485.36
483.23
475.55
462.52
461.29
464.3
465.26
455.56
439.9
433.28
431.11
426.13
427.8
414.84
407.87
407.32
386.61
349.9
338.25
326.72
312.85
301.24
283.88
274.69
262.06
246.62
259.05
263.57
264.85
257.72
253.52
240.34
246.95
243.68
240.32
243.75
247.52
255.9
255.71
254.06
251.96
242.7
237.72
240.58
243.43
241.16
241.11
246.12
254.11
257.29
264.62
272.51
275.97
268.39
226.59
221.75
238.09
258.36
270.46
264.66
265.59
267.82
268.64
272.72
284.83
280.14
272.83
267.1
266.34
271.98
275.6
279.21
288.19
292.71
307.38
319.84
330.75
343.79
352.54
358.23
349.8
344.26
345.92
341.31
324.05
316
311.58
306.22
320.71
328.26
334.54
336.4
334
332.52
337.04
323.29
318.21
320.07
313.69
311.99
311.88
316.33
320.59
317.15
312.1
305.05
307.16
297.11
290.88
298.51
299.09
269.03
251.21
240.73
234
229.79
224.03
215.52
207.78
221.66
216.75
218.9
222.15
221.72
218.6
218.83
238.18
258.37
262.38
266.35
257.17
243.56
219.91
205.55
198.78
190.9
177.7
172.15
163.47
165.01
166.03
169.78
173.38
171.98
173.78
175.73
179.67
187.52
191.57
189.62
185.78
181
174.71
175.46
171.06
158.39
152.35
147.59
146.06
143.59
147.08
149.28
148.41
146.86
145.95
143.65
135.12
136.03
138.07
139.2
133.67
134.14
137.03
138.87
136.6
134.53
134.01
135.8
136.91
139.44
141.48
150.38
